 Tev(Myr)    type      Mo        Mt      log10(L)  log10(R) log10(Teff)  Mc        Menv              epoch      spin                                  
    0.0000    1.0000   10.0000   10.0000    3.7444    0.5957    4.4015    0.0000  1.0000E-10      0.0000  2.6735E+03
    1.2144    1.0000    9.9977    9.9977    3.7544    0.6064    4.3987    0.0000  1.0000E-10      0.0000  2.6037E+03
    2.4293    1.0000    9.9954    9.9954    3.7655    0.6172    4.3961    0.0000  1.0000E-10     -0.0005  2.5340E+03
    3.6447    1.0000    9.9929    9.9929    3.7777    0.6281    4.3936    0.0000  1.0000E-10     -0.0016  2.4639E+03
    4.8606    1.0000    9.9903    9.9903    3.7910    0.6394    4.3913    0.0000  1.0000E-10     -0.0033  2.3928E+03
    6.0771    1.0000    9.9875    9.9875    3.8054    0.6511    4.3891    0.0000  1.0000E-10     -0.0058  2.3202E+03
    7.2943    1.0000    9.9845    9.9845    3.8209    0.6633    4.3868    0.0000  1.0000E-10     -0.0091  2.2456E+03
    8.5120    1.0000    9.9813    9.9813    3.8375    0.6762    4.3846    0.0000  1.0000E-10     -0.0133  2.1687E+03
    9.7305    1.0000    9.9779    9.9779    3.8553    0.6897    4.3822    0.0000  1.0000E-10     -0.0186  2.0889E+03
   10.9498    1.0000    9.9742    9.9742    3.8741    0.7041    4.3797    0.0000  1.0000E-10     -0.0251  2.0061E+03
   12.1699    1.0000    9.9702    9.9702    3.8939    0.7194    4.3770    0.0000  1.0000E-10     -0.0331  1.9197E+03
   13.3908    1.0000    9.9658    9.9658    3.9149    0.7359    4.3740    0.0000  1.0000E-10     -0.0427  1.8294E+03
   14.6127    1.0000    9.9610    9.9610    3.9369    0.7538    4.3706    0.0000  1.0000E-10     -0.0544  1.7346E+03
   15.8357    1.0000    9.9558    9.9558    3.9600    0.7733    4.3666    0.0000  1.0000E-10     -0.0685  1.6342E+03
   17.0598    1.0000    9.9499    9.9499    3.9841    0.7951    4.3617    0.0000  1.0000E-10     -0.0854  1.5270E+03
   18.2853    1.0000    9.9434    9.9434    4.0093    0.8200    4.3556    0.0000  1.0000E-10     -0.1057  1.4107E+03
   19.5122    1.0000    9.9361    9.9361    4.0354    0.8493    4.3475    0.0000  1.0000E-10     -0.1304  1.2825E+03
   20.7408    1.0000    9.9277    9.9277    4.0625    0.8849    4.3365    0.0000  1.0000E-10     -0.1604  1.1387E+03
   21.8555    1.0000    9.9189    9.9189    4.0879    0.9252    4.3226    0.0000  1.0000E-10     -0.1939  9.9151E+02
   22.7436    1.0000    9.9108    9.9108    4.1086    0.9650    4.3079    0.0000  1.0000E-10     -0.2266  8.6162E+02
   23.4747    1.0000    9.9032    9.9032    4.1259    1.0044    4.2925    0.0000  1.0000E-10     -0.2587  7.4662E+02
   24.4604    1.0000    9.8916    9.8916    4.2259    0.9727    4.3334    0.0000  1.0000E-10     -0.3093  8.1117E+02
   24.4625    1.0000    9.8915    9.8915    4.2272    0.9703    4.3349    0.0000  1.0000E-10     -0.3094  8.1741E+02
   24.4625    2.0000    9.8915    9.8915    4.2272    0.9703    4.3349    2.1213  1.0000E-10     -0.3094  1.0380E+03
   24.4645    2.0000    9.8915    9.8915    4.2191    1.0114    4.3124    2.1226  1.0000E-10     -0.3096  9.0684E+02
   24.4665    2.0000    9.8915    9.8915    4.2109    1.0524    4.2898    2.1239  1.0000E-10     -0.3097  7.8920E+02
   24.4685    2.0000    9.8914    9.8914    4.2028    1.0934    4.2673    2.1253  1.0000E-10     -0.3098  6.8434E+02
   24.4705    2.0000    9.8914    9.8914    4.1946    1.1344    4.2447    2.1266  1.0000E-10     -0.3100  5.9138E+02
   24.4725    2.0000    9.8914    9.8914    4.1865    1.1754    4.2222    2.1279  1.0000E-10     -0.3102  5.0942E+02
   24.4745    2.0000    9.8913    9.8913    4.1783    1.2164    4.1996    2.1292  1.0000E-10     -0.3103  4.3750E+02
   24.4765    2.0000    9.8913    9.8913    4.1702    1.2574    4.1771    2.1305  1.0000E-10     -0.3105  3.7470E+02
   24.4785    2.0000    9.8912    9.8912    4.1620    1.2984    4.1546    2.1318  1.0000E-10     -0.3107  3.2011E+02
   24.4805    2.0000    9.8912    9.8912    4.1539    1.3394    4.1320    2.1331  1.0000E-10     -0.3109  2.7283E+02
   24.4826    2.0000    9.8912    9.8912    4.1457    1.3804    4.1095    2.1345  1.0000E-10     -0.3112  2.3204E+02
   24.4846    2.0000    9.8911    9.8911    4.1375    1.4215    4.0869    2.1358  1.0000E-10     -0.3114  1.9697E+02
   24.4866    2.0000    9.8911    9.8911    4.1294    1.4625    4.0644    2.1371  1.0000E-10     -0.3116  1.6691E+02
   24.4886    2.0000    9.8910    9.8910    4.1212    1.5035    4.0418    2.1384  1.0000E-10     -0.3119  1.4121E+02
   24.4906    2.0000    9.8909    9.8909    4.1131    1.5445    4.0193    2.1397  1.0000E-10     -0.3121  1.1931E+02
   24.4926    2.0000    9.8909    9.8909    4.1049    1.5855    3.9968    2.1410  1.0000E-10     -0.3124  1.0067E+02
   24.4946    2.0000    9.8908    9.8908    4.0968    1.6265    3.9742    2.1423  1.0000E-10     -0.3127  8.4848E+01
   24.4966    2.0000    9.8907    9.8907    4.0886    1.6675    3.9517    2.1436  1.0000E-10     -0.3130  7.1441E+01
   24.4986    2.0000    9.8907    9.8907    4.0805    1.7085    3.9291    2.1449  1.0000E-10     -0.3134  6.0098E+01
   24.5006    2.0000    9.8906    9.8906    4.0723    1.7495    3.9066    2.1462  1.0000E-10     -0.3137  5.0515E+01
   24.5026    2.0000    9.8905    9.8905    4.0641    1.7905    3.8840    2.1475  1.0000E-10     -0.3141  4.2429E+01
   24.5046    2.0000    9.8904    9.8904    4.0560    1.8315    3.8615    2.1488  1.0000E-10     -0.3145  3.5616E+01
   24.5066    2.0000    9.8903    9.8903    4.0478    1.8725    3.8390    2.1501  1.0000E-10     -0.3149  2.9879E+01
   24.5086    2.0000    9.8902    9.8902    4.0397    1.9135    3.8164    2.1514  1.0000E-10     -0.3153  2.5054E+01
   24.5106    2.0000    9.8901    9.8901    4.0315    1.9545    3.7939    2.1527  1.0000E-10     -0.3158  2.0998E+01
   24.5127    2.0000    9.8900    9.8900    4.0233    1.9956    3.7713    2.1540  1.0000E-10     -0.3163  1.7592E+01
   24.5147    2.0000    9.8899    9.8899    4.0152    2.0366    3.7488    2.1553  1.0000E-10     -0.3168  1.4733E+01
   24.5167    2.0000    9.8898    9.8898    4.0070    2.0776    3.7262    2.1566  1.0000E-10     -0.3173  1.2335E+01
   24.5187    2.0000    9.8897    9.8897    3.9989    2.1186    3.7037    2.1579  5.4348E-09     -0.3179  1.0324E+01
   24.5207    2.0000    9.8895    9.8895    3.9907    2.1596    3.6812    2.1592  3.4116E-03     -0.3185  7.9457E+00
   24.5227    2.0000    9.8894    9.8894    3.9825    2.2006    3.6586    2.1605  1.0389E-01     -0.3191  4.2866E+00
   24.5247    2.0000    9.8893    9.8893    3.9744    2.2416    3.6361    2.1618  8.4666E-01     -0.3198  1.7546E+00
   24.5267    2.0000    9.8891    9.8891    3.9663    2.2819    3.6139    2.1630  3.8628E+00     -0.3205  7.0912E-01
   24.5267    3.0000    9.8891    9.8891    3.9664    2.2819    3.6139    2.1630  3.8638E+00     -0.3205  7.0890E-01
   24.5269    3.0000    9.8891    9.8891    3.9719    2.2859    3.6133    2.1630  3.9234E+00     -0.3205  6.9456E-01
   24.5270    3.0000    9.8891    9.8891    3.9773    2.2898    3.6127    2.1630  3.9832E+00     -0.3205  6.8052E-01
   24.5272    3.0000    9.8891    9.8891    3.9828    2.2938    3.6121    2.1630  4.0433E+00     -0.3205  6.6678E-01
   24.5274    3.0000    9.8891    9.8890    3.9882    2.2977    3.6115    2.1630  4.1036E+00     -0.3205  6.5333E-01
   24.5275    3.0000    9.8891    9.8890    3.9937    2.3016    3.6109    2.1630  4.1642E+00     -0.3205  6.4016E-01
   24.5277    3.0000    9.8891    9.8890    3.9991    2.3056    3.6103    2.1630  4.2251E+00     -0.3205  6.2727E-01
   24.5279    3.0000    9.8891    9.8890    4.0046    2.3095    3.6096    2.1630  4.2862E+00     -0.3205  6.1465E-01
   24.5280    3.0000    9.8891    9.8890    4.0101    2.3135    3.6090    2.1630  4.3475E+00     -0.3205  6.0229E-01
   24.5282    3.0000    9.8891    9.8890    4.0155    2.3174    3.6084    2.1630  4.4090E+00     -0.3205  5.9020E-01
   24.5284    3.0000    9.8891    9.8890    4.0210    2.3214    3.6078    2.1631  4.4707E+00     -0.3205  5.7835E-01
   24.5285    3.0000    9.8891    9.8889    4.0264    2.3253    3.6072    2.1631  4.5326E+00     -0.3205  5.6675E-01
   24.5287    3.0000    9.8891    9.8889    4.0319    2.3293    3.6066    2.1631  4.5947E+00     -0.3205  5.5539E-01
   24.5288    3.0000    9.8891    9.8889    4.0373    2.3332    3.6060    2.1631  4.6570E+00     -0.3205  5.4427E-01
   24.5290    3.0000    9.8891    9.8889    4.0428    2.3372    3.6054    2.1631  4.7194E+00     -0.3205  5.3338E-01
   24.5292    3.0000    9.8891    9.8889    4.0482    2.3411    3.6048    2.1631  4.7819E+00     -0.3205  5.2271E-01
   24.5293    3.0000    9.8891    9.8889    4.0537    2.3451    3.6041    2.1631  4.8446E+00     -0.3205  5.1226E-01
   24.5295    3.0000    9.8891    9.8888    4.0592    2.3491    3.6035    2.1631  4.9073E+00     -0.3205  5.0203E-01
   24.5296    3.0000    9.8891    9.8888    4.0646    2.3530    3.6029    2.1631  4.9702E+00     -0.3205  4.9201E-01
   24.5298    3.0000    9.8891    9.8888    4.0701    2.3570    3.6023    2.1631  5.0331E+00     -0.3205  4.8219E-01
   24.5299    3.0000    9.8891    9.8888    4.0755    2.3609    3.6017    2.1631  5.0961E+00     -0.3205  4.7257E-01
   24.5301    3.0000    9.8891    9.8888    4.0810    2.3649    3.6011    2.1631  5.1591E+00     -0.3205  4.6315E-01
   24.5302    3.0000    9.8891    9.8887    4.0864    2.3688    3.6005    2.1631  5.2221E+00     -0.3205  4.5392E-01
   24.5303    3.0000    9.8891    9.8887    4.0919    2.3728    3.5998    2.1631  5.2851E+00     -0.3205  4.4488E-01
   24.5305    3.0000    9.8891    9.8887    4.0974    2.3768    3.5992    2.1631  5.3481E+00     -0.3205  4.3602E-01
   24.5306    3.0000    9.8891    9.8887    4.1028    2.3807    3.5986    2.1631  5.4111E+00     -0.3205  4.2734E-01
   24.5308    3.0000    9.8891    9.8887    4.1083    2.3847    3.5980    2.1631  5.4740E+00     -0.3205  4.1884E-01
   24.5309    3.0000    9.8891    9.8886    4.1137    2.3886    3.5974    2.1631  5.5368E+00     -0.3205  4.1051E-01
   24.5310    3.0000    9.8891    9.8886    4.1192    2.3926    3.5968    2.1631  5.5995E+00     -0.3205  4.0234E-01
   24.5312    3.0000    9.8891    9.8886    4.1246    2.3966    3.5961    2.1631  5.6620E+00     -0.3205  3.9434E-01
   24.5313    3.0000    9.8891    9.8886    4.1301    2.4005    3.5955    2.1631  5.7244E+00     -0.3205  3.8650E-01
   24.5314    3.0000    9.8891    9.8886    4.1355    2.4045    3.5949    2.1631  5.7866E+00     -0.3205  3.7881E-01
   24.5316    3.0000    9.8891    9.8885    4.1410    2.4085    3.5943    2.1631  5.8486E+00     -0.3205  3.7128E-01
   24.5317    3.0000    9.8891    9.8885    4.1465    2.4124    3.5937    2.1631  5.9104E+00     -0.3205  3.6389E-01
   24.5318    3.0000    9.8891    9.8885    4.1519    2.4164    3.5931    2.1631  5.9718E+00     -0.3205  3.5666E-01
   24.5319    3.0000    9.8891    9.8885    4.1574    2.4204    3.5924    2.1631  6.0330E+00     -0.3205  3.4956E-01
   24.5321    3.0000    9.8891    9.8885    4.1628    2.4243    3.5918    2.1631  6.0939E+00     -0.3205  3.4261E-01
   24.5322    3.0000    9.8891    9.8884    4.1683    2.4283    3.5912    2.1631  6.1543E+00     -0.3205  3.3579E-01
   24.5323    3.0000    9.8891    9.8884    4.1737    2.4323    3.5906    2.1631  6.2144E+00     -0.3205  3.2911E-01
   24.5324    3.0000    9.8891    9.8884    4.1792    2.4362    3.5900    2.1631  6.2740E+00     -0.3205  3.2256E-01
   24.5326    3.0000    9.8891    9.8884    4.1846    2.4402    3.5893    2.1631  6.3332E+00     -0.3205  3.1614E-01
   24.5327    3.0000    9.8891    9.8883    4.1901    2.4442    3.5887    2.1631  6.3918E+00     -0.3205  3.0984E-01
   24.5328    3.0000    9.8891    9.8883    4.1956    2.4481    3.5881    2.1631  6.4500E+00     -0.3205  3.0366E-01
   24.5329    3.0000    9.8891    9.8883    4.2010    2.4521    3.5875    2.1632  6.5075E+00     -0.3205  2.9761E-01
   24.5330    3.0000    9.8891    9.8883    4.2065    2.4561    3.5868    2.1632  6.5644E+00     -0.3205  2.9167E-01
   24.5331    3.0000    9.8891    9.8882    4.2119    2.4601    3.5862    2.1632  6.6206E+00     -0.3205  2.8585E-01
   24.5332    3.0000    9.8891    9.8882    4.2174    2.4640    3.5856    2.1632  6.6761E+00     -0.3205  2.8014E-01
   24.5334    3.0000    9.8891    9.8882    4.2228    2.4680    3.5850    2.1632  6.7309E+00     -0.3205  2.7454E-01
   24.5335    3.0000    9.8891    9.8882    4.2283    2.4720    3.5844    2.1632  6.7848E+00     -0.3205  2.6905E-01
   24.5336    3.0000    9.8891    9.8881    4.2338    2.4760    3.5837    2.1632  6.8379E+00     -0.3205  2.6366E-01
   24.5337    3.0000    9.8891    9.8881    4.2392    2.4799    3.5831    2.1632  6.8901E+00     -0.3205  2.5837E-01
   24.5338    3.0000    9.8891    9.8881    4.2447    2.4839    3.5825    2.1632  6.9414E+00     -0.3205  2.5319E-01
   24.5339    3.0000    9.8891    9.8880    4.2501    2.4879    3.5819    2.1632  6.9916E+00     -0.3205  2.4811E-01
   24.5340    3.0000    9.8891    9.8880    4.2556    2.4919    3.5812    2.1632  7.0407E+00     -0.3205  2.4312E-01
   24.5341    3.0000    9.8891    9.8880    4.2610    2.4958    3.5806    2.1632  7.0888E+00     -0.3205  2.3823E-01
   24.5342    3.0000    9.8891    9.8880    4.2665    2.4998    3.5800    2.1632  7.1357E+00     -0.3205  2.3343E-01
   24.5343    3.0000    9.8891    9.8879    4.2719    2.5038    3.5794    2.1632  7.1813E+00     -0.3205  2.2872E-01
   24.5344    3.0000    9.8891    9.8879    4.2774    2.5078    3.5787    2.1632  7.2256E+00     -0.3205  2.2410E-01
   24.5345    3.0000    9.8891    9.8879    4.2829    2.5118    3.5781    2.1632  7.2686E+00     -0.3205  2.1957E-01
   24.5346    3.0000    9.8891    9.8878    4.2883    2.5157    3.5775    2.1632  7.3101E+00     -0.3205  2.1512E-01
   24.5347    3.0000    9.8891    9.8878    4.2938    2.5197    3.5768    2.1632  7.3502E+00     -0.3205  2.1076E-01
   24.5348    3.0000    9.8891    9.8878    4.2992    2.5237    3.5762    2.1632  7.3886E+00     -0.3205  2.0647E-01
   24.5349    3.0000    9.8891    9.8877    4.3047    2.5277    3.5756    2.1632  7.4255E+00     -0.3205  2.0227E-01
   24.5350    3.0000    9.8891    9.8877    4.3101    2.5317    3.5750    2.1632  7.4606E+00     -0.3205  1.9815E-01
   24.5351    3.0000    9.8891    9.8877    4.3156    2.5357    3.5743    2.1632  7.4939E+00     -0.3205  1.9410E-01
   24.5352    3.0000    9.8891    9.8877    4.3210    2.5397    3.5737    2.1632  7.5253E+00     -0.3205  1.9013E-01
   24.5353    3.0000    9.8891    9.8876    4.3265    2.5436    3.5731    2.1632  7.5548E+00     -0.3205  1.8623E-01
   24.5354    3.0000    9.8891    9.8876    4.3320    2.5476    3.5724    2.1632  7.5823E+00     -0.3205  1.8241E-01
   24.5355    3.0000    9.8891    9.8876    4.3374    2.5516    3.5718    2.1632  7.6076E+00     -0.3205  1.7866E-01
   24.5356    3.0000    9.8891    9.8875    4.3429    2.5556    3.5712    2.1632  7.6307E+00     -0.3205  1.7497E-01
   24.5356    3.0000    9.8891    9.8875    4.3483    2.5596    3.5706    2.1632  7.6515E+00     -0.3205  1.7136E-01
   24.5357    3.0000    9.8891    9.8874    4.3538    2.5636    3.5699    2.1632  7.6699E+00     -0.3205  1.6781E-01
   24.5358    3.0000    9.8891    9.8874    4.3592    2.5676    3.5693    2.1632  7.6858E+00     -0.3205  1.6432E-01
   24.5359    3.0000    9.8891    9.8874    4.3647    2.5716    3.5687    2.1632  7.6990E+00     -0.3205  1.6090E-01
   24.5360    3.0000    9.8891    9.8873    4.3702    2.5755    3.5680    2.1632  7.7096E+00     -0.3205  1.5755E-01
   24.5361    3.0000    9.8891    9.8873    4.3756    2.5795    3.5674    2.1632  7.7174E+00     -0.3205  1.5425E-01
   24.5362    3.0000    9.8891    9.8873    4.3811    2.5835    3.5668    2.1632  7.7222E+00     -0.3205  1.5102E-01
   24.5362    3.0000    9.8891    9.8872    4.3865    2.5875    3.5661    2.1632  7.7240E+00     -0.3205  1.4785E-01
   24.5362    4.0000    9.8891    9.8872    4.3870    2.5879    3.5661    2.1632  7.7240E+00     -0.3205  1.4758E-01
   24.5644    4.0000    9.8891    9.8738    4.3685    2.5745    3.5681    2.1703  7.7035E+00     -0.3205  1.5755E-01
   24.5926    4.0000    9.8891    9.8614    4.3509    2.5619    3.5700    2.1774  7.6841E+00     -0.3205  1.6754E-01
   24.6208    4.0000    9.8891    9.8499    4.3343    2.5500    3.5718    2.1844  7.6655E+00     -0.3205  1.7750E-01
   24.6489    4.0000    9.8891    9.8391    4.3186    2.5388    3.5736    2.1915  7.6477E+00     -0.3205  1.8741E-01
   24.6771    4.0000    9.8891    9.8291    4.3039    2.5281    3.5752    2.1986  7.6305E+00     -0.3205  1.9720E-01
   24.7053    4.0000    9.8891    9.8196    4.2900    2.5182    3.5767    2.2056  7.6140E+00     -0.3205  2.0684E-01
   24.7335    4.0000    9.8891    9.8107    4.2769    2.5088    3.5781    2.2127  7.5980E+00     -0.3205  2.1628E-01
   24.7616    4.0000    9.8891    9.8023    4.2647    2.5000    3.5794    2.2198  7.5825E+00     -0.3205  2.2548E-01
   24.7898    4.0000    9.8891    9.7943    4.2532    2.4918    3.5807    2.2268  7.5675E+00     -0.3205  2.3440E-01
   24.8180    4.0000    9.8891    9.7866    4.2425    2.4841    3.5818    2.2339  7.5528E+00     -0.3205  2.4301E-01
   24.8461    4.0000    9.8891    9.7793    4.2326    2.4770    3.5829    2.2409  7.5384E+00     -0.3205  2.5128E-01
   24.8743    4.0000    9.8891    9.7723    4.2233    2.4704    3.5839    2.2480  7.5243E+00     -0.3205  2.5916E-01
   24.9025    4.0000    9.8891    9.7656    4.2148    2.4643    3.5848    2.2551  7.5105E+00     -0.3205  2.6664E-01
   24.9307    4.0000    9.8891    9.7591    4.2069    2.4587    3.5856    2.2621  7.4969E+00     -0.3205  2.7370E-01
   24.9588    4.0000    9.8891    9.7528    4.1996    2.4535    3.5864    2.2692  7.4836E+00     -0.3205  2.8031E-01
   24.9870    4.0000    9.8891    9.7467    4.1930    2.4488    3.5871    2.2763  7.4704E+00     -0.3205  2.8647E-01
   25.0152    4.0000    9.8891    9.7408    4.1869    2.4445    3.5878    2.2833  7.4574E+00     -0.3205  2.9215E-01
   25.0433    4.0000    9.8891    9.7350    4.1814    2.4406    3.5883    2.2904  7.4446E+00     -0.3205  2.9737E-01
   25.0715    4.0000    9.8891    9.7293    4.1764    2.4370    3.5889    2.2975  7.4319E+00     -0.3205  3.0210E-01
   25.0997    4.0000    9.8891    9.7238    4.1719    2.4339    3.5893    2.3045  7.4193E+00     -0.3205  3.0637E-01
   25.1279    4.0000    9.8891    9.7184    4.1679    2.4310    3.5897    2.3116  7.4068E+00     -0.3205  3.1017E-01
   25.1560    4.0000    9.8891    9.7130    4.1643    2.4285    3.5901    2.3187  7.3944E+00     -0.3205  3.1352E-01
   25.1842    4.0000    9.8891    9.7078    4.1611    2.4263    3.5904    2.3257  7.3820E+00     -0.3205  3.1642E-01
   25.2124    4.0000    9.8891    9.7026    4.1584    2.4244    3.5907    2.3328  7.3698E+00     -0.3205  3.1890E-01
   25.2406    4.0000    9.8891    9.6975    4.1560    2.4228    3.5909    2.3399  7.3576E+00     -0.3205  3.2097E-01
   25.2687    4.0000    9.8891    9.6924    4.1540    2.4214    3.5911    2.3469  7.3454E+00     -0.3205  3.2266E-01
   25.2969    4.0000    9.8891    9.6874    4.1522    2.4202    3.5912    2.3540  7.3333E+00     -0.3205  3.2399E-01
   25.3251    4.0000    9.8891    9.6823    4.1508    2.4193    3.5913    2.3611  7.3213E+00     -0.3205  3.2498E-01
   25.3532    4.0000    9.8891    9.6774    4.1496    2.4185    3.5914    2.3681  7.3092E+00     -0.3205  3.2567E-01
   25.3814    4.0000    9.8891    9.6724    4.1487    2.4179    3.5915    2.3752  7.2972E+00     -0.3205  3.2608E-01
   25.4096    4.0000    9.8891    9.6675    4.1479    2.4175    3.5915    2.3823  7.2852E+00     -0.3205  3.2624E-01
   25.4378    4.0000    9.8891    9.6626    4.1474    2.4171    3.5915    2.3893  7.2733E+00     -0.3205  3.2618E-01
   25.4659    4.0000    9.8891    9.6577    4.1470    2.4169    3.5915    2.3964  7.2613E+00     -0.3205  3.2594E-01
   25.4941    4.0000    9.8891    9.6528    4.1467    2.4168    3.5915    2.4035  7.2493E+00     -0.3205  3.2553E-01
   25.5223    4.0000    9.8891    9.6479    4.1466    2.4168    3.5915    2.4105  7.2374E+00     -0.3205  3.2501E-01
   25.5505    4.0000    9.8891    9.6430    4.1465    2.4168    3.5915    2.4176  7.2254E+00     -0.3205  3.2439E-01
   25.5786    4.0000    9.8891    9.6381    4.1465    2.4169    3.5914    2.4247  7.2135E+00     -0.3205  3.2371E-01
   25.6068    4.0000    9.8891    9.6333    4.1614    2.4124    3.5974    2.4317  6.2263E+00     -0.3205  3.5412E-01
   25.6238    4.0000    9.8891    9.6302    4.1850    2.3696    3.6247    2.4360  1.2891E+00     -0.3205  9.0489E-01
   25.6415    4.0000    9.8891    9.6271    4.1967    2.3269    3.6490    2.4404  1.4867E-01     -0.3205  2.2511E+00
   25.6599    4.0000    9.8891    9.6239    4.2056    2.2844    3.6725    2.4451  4.1133E-03     -0.3205  4.1573E+00
   25.6792    4.0000    9.8891    9.6209    4.2131    2.2421    3.6955    2.4499  1.0000E-10     -0.3205  5.3047E+00
   25.6993    4.0000    9.8891    9.6178    4.2199    2.1999    3.7183    2.4549  1.0000E-10     -0.3205  6.2735E+00
   25.7205    4.0000    9.8891    9.6148    4.2261    2.1579    3.7408    2.4603  1.0000E-10     -0.3205  7.4142E+00
   25.7429    4.0000    9.8891    9.6118    4.2319    2.1162    3.7632    2.4659  1.0000E-10     -0.3205  8.7553E+00
   25.7667    4.0000    9.8891    9.6088    4.2375    2.0746    3.7853    2.4718  1.0000E-10     -0.3205  1.0329E+01
   25.7948    4.0000    9.8891    9.6054    4.2436    2.0290    3.8097    2.4789  1.0000E-10     -0.3205  1.2382E+01
   25.8230    4.0000    9.8891    9.6023    4.2491    1.9871    3.8320    2.4860  1.0000E-10     -0.3205  1.4619E+01
   25.8512    4.0000    9.8891    9.5994    4.2542    1.9488    3.8524    2.4930  1.0000E-10     -0.3205  1.7008E+01
   25.8794    4.0000    9.8891    9.5966    4.2590    1.9139    3.8710    2.5001  1.0000E-10     -0.3205  1.9511E+01
   25.9075    4.0000    9.8891    9.5940    4.2635    1.8823    3.8880    2.5072  1.0000E-10     -0.3205  2.2081E+01
   25.9357    4.0000    9.8891    9.5915    4.2677    1.8539    3.9033    2.5142  1.0000E-10     -0.3205  2.4671E+01
   25.9639    4.0000    9.8891    9.5890    4.2717    1.8283    3.9170    2.5213  1.0000E-10     -0.3205  2.7228E+01
   25.9921    4.0000    9.8891    9.5867    4.2756    1.8056    3.9294    2.5284  1.0000E-10     -0.3205  2.9703E+01
   26.0202    4.0000    9.8891    9.5845    4.2793    1.7855    3.9404    2.5354  1.0000E-10     -0.3205  3.2051E+01
   26.0484    4.0000    9.8891    9.5823    4.2828    1.7678    3.9501    2.5425  1.0000E-10     -0.3205  3.4230E+01
   26.0766    4.0000    9.8891    9.5801    4.2862    1.7524    3.9586    2.5496  1.0000E-10     -0.3205  3.6208E+01
   26.1047    4.0000    9.8891    9.5780    4.2895    1.7392    3.9660    2.5566  1.0000E-10     -0.3205  3.7959E+01
   26.1329    4.0000    9.8891    9.5759    4.2926    1.7280    3.9724    2.5637  1.0000E-10     -0.3205  3.9467E+01
   26.1611    4.0000    9.8891    9.5739    4.2957    1.7186    3.9779    2.5708  1.0000E-10     -0.3205  4.0723E+01
   26.1893    4.0000    9.8891    9.5719    4.2987    1.7109    3.9825    2.5778  1.0000E-10     -0.3205  4.1728E+01
   26.2174    4.0000    9.8891    9.5698    4.3016    1.7047    3.9863    2.5849  1.0000E-10     -0.3205  4.2489E+01
   26.2456    4.0000    9.8891    9.5678    4.3044    1.6998    3.9895    2.5920  1.0000E-10     -0.3205  4.3022E+01
   26.2738    4.0000    9.8891    9.5658    4.3071    1.6960    3.9920    2.5990  1.0000E-10     -0.3205  4.3346E+01
   26.3019    4.0000    9.8891    9.5638    4.3098    1.6933    3.9941    2.6061  1.0000E-10     -0.3205  4.3484E+01
   26.3301    4.0000    9.8891    9.5618    4.3124    1.6915    3.9956    2.6131  1.0000E-10     -0.3205  4.3465E+01
   26.3583    4.0000    9.8891    9.5598    4.3150    1.6903    3.9968    2.6202  1.0000E-10     -0.3205  4.3317E+01
   26.3865    4.0000    9.8891    9.5577    4.3175    1.6897    3.9978    2.6273  1.0000E-10     -0.3205  4.3069E+01
   26.4146    4.0000    9.8891    9.5557    4.3199    1.6895    3.9985    2.6343  1.0000E-10     -0.3205  4.2753E+01
   26.4428    4.0000    9.8891    9.5536    4.3223    1.6895    3.9991    2.6414  1.0000E-10     -0.3205  4.2399E+01
   26.4710    4.0000    9.8891    9.5515    4.3246    1.6895    3.9997    2.6485  1.0000E-10     -0.3205  4.2032E+01
   26.4992    4.0000    9.8891    9.5494    4.3269    1.6897    4.0002    2.6555  1.0000E-10     -0.3205  4.1645E+01
   26.5273    4.0000    9.8891    9.5473    4.3292    1.6901    4.0005    2.6626  1.0000E-10     -0.3205  4.1211E+01
   26.5555    4.0000    9.8891    9.5452    4.3314    1.6910    4.0006    2.6697  1.0000E-10     -0.3205  4.0705E+01
   26.5837    4.0000    9.8891    9.5431    4.3336    1.6924    4.0005    2.6767  1.0000E-10     -0.3205  4.0100E+01
   26.6118    4.0000    9.8891    9.5409    4.3357    1.6946    3.9999    2.6838  1.0000E-10     -0.3205  3.9374E+01
   26.6400    4.0000    9.8891    9.5388    4.3378    1.6977    3.9989    2.6909  1.0000E-10     -0.3205  3.8508E+01
   26.6682    4.0000    9.8891    9.5366    4.3399    1.7019    3.9973    2.6979  1.0000E-10     -0.3205  3.7484E+01
   26.6964    4.0000    9.8891    9.5343    4.3419    1.7074    3.9951    2.7050  1.0000E-10     -0.3205  3.6290E+01
   26.7245    4.0000    9.8891    9.5321    4.3439    1.7142    3.9921    2.7121  1.0000E-10     -0.3205  3.4920E+01
   26.7527    4.0000    9.8891    9.5297    4.3459    1.7226    3.9884    2.7191  1.0000E-10     -0.3205  3.3371E+01
   26.7809    4.0000    9.8891    9.5274    4.3478    1.7327    3.9839    2.7262  1.0000E-10     -0.3205  3.1650E+01
   26.8091    4.0000    9.8891    9.5250    4.3498    1.7448    3.9783    2.7333  1.0000E-10     -0.3205  2.9767E+01
   26.8372    4.0000    9.8891    9.5225    4.3516    1.7588    3.9718    2.7403  1.0000E-10     -0.3205  2.7741E+01
   26.8654    4.0000    9.8891    9.5199    4.3535    1.7751    3.9641    2.7474  1.0000E-10     -0.3205  2.5598E+01
   26.8936    4.0000    9.8891    9.5173    4.3553    1.7937    3.9553    2.7545  1.0000E-10     -0.3205  2.3368E+01
   26.9217    4.0000    9.8891    9.5145    4.3572    1.8149    3.9451    2.7615  1.0000E-10     -0.3205  2.1088E+01
   26.9499    4.0000    9.8891    9.5116    4.3590    1.8387    3.9336    2.7686  1.0000E-10     -0.3205  1.8795E+01
   26.9781    4.0000    9.8891    9.5086    4.3607    1.8654    3.9207    2.7757  1.0000E-10     -0.3205  1.6531E+01
   27.0063    4.0000    9.8891    9.5053    4.3625    1.8952    3.9063    2.7827  1.0000E-10     -0.3205  1.4335E+01
   27.0344    4.0000    9.8891    9.5019    4.3642    1.9281    3.8903    2.7898  1.0000E-10     -0.3205  1.2244E+01
   27.0626    4.0000    9.8891    9.4983    4.3659    1.9643    3.8726    2.7969  1.0000E-10     -0.3205  1.0291E+01
   27.0908    4.0000    9.8891    9.4944    4.3676    2.0040    3.8532    2.8039  1.0000E-10     -0.3205  8.5035E+00
   27.1175    4.0000    9.8891    9.4903    4.3692    2.0451    3.8330    2.8106  1.0000E-10     -0.3205  6.9783E+00
   27.1422    4.0000    9.8891    9.4863    4.3706    2.0862    3.8128    2.8168  1.0000E-10     -0.3205  5.7209E+00
   27.1654    4.0000    9.8891    9.4822    4.3720    2.1274    3.7926    2.8226  1.0000E-10     -0.3205  4.6843E+00
   27.1871    4.0000    9.8891    9.4780    4.3732    2.1686    3.7723    2.8281  1.0000E-10     -0.3205  3.8301E+00
   27.2077    4.0000    9.8891    9.4737    4.3744    2.2100    3.7519    2.8333  1.0000E-10     -0.3205  3.1267E+00
   27.2273    4.0000    9.8891    9.4693    4.3755    2.2515    3.7314    2.8382  1.0000E-10     -0.3205  2.5480E+00
   27.2458    4.0000    9.8891    9.4648    4.3765    2.2926    3.7111    2.8428  1.0000E-10     -0.3205  2.0780E+00
   27.2634    4.0000    9.8891    9.4602    4.3775    2.3336    3.6908    2.8472  1.0000E-10     -0.3205  1.6923E+00
   27.2803    4.0000    9.8891    9.4553    4.3785    2.3747    3.6705    2.8515  1.0000E-10     -0.3205  1.3760E+00
   27.2965    4.0000    9.8891    9.4503    4.3794    2.4158    3.6502    2.8555  5.5460E-04     -0.3205  1.0872E+00
   27.3122    4.0000    9.8891    9.4450    4.3802    2.4569    3.6299    2.8595  3.9994E-02     -0.3205  6.6539E-01
   27.3273    4.0000    9.8891    9.4396    4.3810    2.4980    3.6095    2.8633  4.2251E-01     -0.3205  2.9509E-01
   27.3419    4.0000    9.8891    9.4338    4.3818    2.5391    3.5892    2.8669  2.2223E+00     -0.3205  1.1896E-01
   27.3535    5.0000    9.8891    9.4289    4.3825    2.5728    3.5725    2.8698  6.5591E+00     -0.3205  5.8324E-02
   27.3575    5.0000    9.8891    9.4271    4.3934    2.5807    3.5713    2.8698  6.5573E+00     -0.3205  5.5860E-02
   27.3613    5.0000    9.8891    9.4252    4.4044    2.5886    3.5701    2.8698  6.5554E+00     -0.3205  5.3486E-02
   27.3652    5.0000    9.8891    9.4234    4.4154    2.5965    3.5689    2.8698  6.5535E+00     -0.3205  5.1198E-02
   27.3689    5.0000    9.8891    9.4214    4.4263    2.6043    3.5677    2.8698  6.5516E+00     -0.3205  4.8993E-02
   27.3726    5.0000    9.8891    9.4194    4.4373    2.6122    3.5665    2.8698  6.5496E+00     -0.3205  4.6869E-02
   27.3761    5.0000    9.8891    9.4174    4.4483    2.6201    3.5653    2.8698  6.5475E+00     -0.3205  4.4822E-02
   27.3797    5.0000    9.8891    9.4153    4.4592    2.6280    3.5641    2.8698  6.5454E+00     -0.3205  4.2851E-02
   27.3831    5.0000    9.8891    9.4131    4.4702    2.6359    3.5629    2.8698  6.5433E+00     -0.3205  4.0952E-02
   27.3865    5.0000    9.8891    9.4109    4.4812    2.6438    3.5617    2.8698  6.5411E+00     -0.3205  3.9124E-02
   27.3898    5.0000    9.8891    9.4086    4.4921    2.6517    3.5605    2.8698  6.5388E+00     -0.3205  3.7364E-02
   27.3930    5.0000    9.8891    9.4063    4.5031    2.6596    3.5592    2.8698  6.5365E+00     -0.3205  3.5670E-02
   27.3962    5.0000    9.8891    9.4039    4.5141    2.6675    3.5580    2.8698  6.5341E+00     -0.3205  3.4040E-02
   27.3993    5.0000    9.8891    9.4015    4.5250    2.6754    3.5568    2.8698  6.5316E+00     -0.3205  3.2473E-02
   27.4024    5.0000    9.8891    9.3989    4.5360    2.6830    3.5558    2.8698  6.4566E+00     -0.3205  3.1206E-02
   27.4054    5.0000    9.8891    9.3964    4.5470    2.6903    3.5549    2.8698  6.3464E+00     -0.3205  3.0095E-02
   27.4083    5.0000    9.8891    9.3937    4.5579    2.6977    3.5539    2.8698  6.2377E+00     -0.3205  2.9013E-02
   27.4112    5.0000    9.8891    9.3910    4.5689    2.7051    3.5530    2.8698  6.1305E+00     -0.3205  2.7960E-02
   27.4140    5.0000    9.8891    9.3882    4.5799    2.7124    3.5520    2.8698  6.0248E+00     -0.3205  2.6935E-02
   27.4168    5.0000    9.8891    9.3854    4.5908    2.7198    3.5511    2.8698  5.9206E+00     -0.3205  2.5939E-02
   27.4195    5.0000    9.8891    9.3825    4.6018    2.7272    3.5501    2.8698  5.8179E+00     -0.3205  2.4970E-02
   27.4221    5.0000    9.8891    9.3795    4.6128    2.7346    3.5492    2.8698  5.7166E+00     -0.3205  2.4030E-02
   27.4247    5.0000    9.8891    9.3764    4.6238    2.7420    3.5482    2.8698  5.6167E+00     -0.3205  2.3116E-02
   27.4273    5.0000    9.8891    9.3732    4.6347    2.7494    3.5473    2.8698  5.5182E+00     -0.3205  2.2231E-02
   27.4298    5.0000    9.8891    9.3700    4.6457    2.7568    3.5463    2.8698  5.4211E+00     -0.3205  2.1372E-02
   27.4322    5.0000    9.8891    9.3667    4.6567    2.7642    3.5454    2.8698  5.3254E+00     -0.3205  2.0540E-02
   27.4346    5.0000    9.8891    9.3633    4.6676    2.7716    3.5444    2.8698  5.2311E+00     -0.3205  1.9735E-02
   27.4369    5.0000    9.8891    9.3598    4.6786    2.7790    3.5434    2.8698  5.1381E+00     -0.3205  1.8956E-02
   27.4392    5.0000    9.8891    9.3563    4.6896    2.7865    3.5424    2.8698  5.0689E+00     -0.3205  1.8147E-02
   27.4415    5.0000    9.8891    9.3526    4.7005    2.7945    3.5412    2.8698  5.0648E+00     -0.3205  1.7215E-02
   27.4437    5.0000    9.8891    9.3489    4.7115    2.8024    3.5399    2.8698  5.0607E+00     -0.3205  1.6327E-02
   27.4459    5.0000    9.8891    9.3450    4.7225    2.8104    3.5387    2.8698  5.0565E+00     -0.3205  1.5481E-02
   27.4480    5.0000    9.8891    9.3411    4.7334    2.8184    3.5374    2.8698  5.0522E+00     -0.3205  1.4676E-02
   27.4501    5.0000    9.8891    9.3370    4.7444    2.8264    3.5362    2.8698  5.0477E+00     -0.3205  1.3910E-02
   27.4521    5.0000    9.8891    9.3329    4.7554    2.8343    3.5349    2.8698  5.0432E+00     -0.3205  1.3182E-02
   27.4541    5.0000    9.8891    9.3286    4.7663    2.8423    3.5337    2.8698  5.0385E+00     -0.3205  1.2490E-02
   27.4561    5.0000    9.8891    9.3242    4.7773    2.8503    3.5324    2.8698  5.0337E+00     -0.3205  1.1833E-02
   27.4580    5.0000    9.8891    9.3197    4.7883    2.8583    3.5312    2.8698  5.0288E+00     -0.3205  1.1210E-02
   27.4599    5.0000    9.8891    9.3151    4.7992    2.8663    3.5299    2.8698  5.0238E+00     -0.3205  1.0618E-02
   27.4617    5.0000    9.8891    9.3104    4.8102    2.8743    3.5287    2.8698  5.0186E+00     -0.3205  1.0058E-02
   27.4622   13.0000    9.8891    1.3693    0.3925   -4.8539    6.2883    1.3693  1.0000E-10     27.4622  2.0000E+08
   27.5622   13.0000    9.8891    1.3693    0.3925   -4.8539    6.2883    1.3693  1.0000E-10     27.4622  2.0000E+08
   28.5622   13.0000    9.8891    1.3693   -1.6903   -4.8539    5.7676    1.3693  1.0000E-10     27.4622  2.0000E+08
   38.5622   13.0000    9.8891    1.3693   -3.6982   -4.8539    5.2657    1.3693  1.0000E-10     27.4622  2.0000E+08
  138.5622   13.0000    9.8891    1.3693   -5.6989   -4.8539    4.7655    1.3693  1.0000E-10     27.4622  2.0000E+08
  638.5622   13.0000    9.8891    1.3693   -7.1797   -4.8539    4.3953    1.3693  1.0000E-10     27.4622  2.0000E+08
 1138.5621   13.0000    9.8891    1.3693   -7.6990   -4.8539    4.2655    1.3693  1.0000E-10     27.4622  2.0000E+08
 1638.5621   13.0000    9.8891    1.3693   -8.0218   -4.8539    4.1848    1.3693  1.0000E-10     27.4622  2.0000E+08
 2138.5623   13.0000    9.8891    1.3693   -8.2565   -4.8539    4.1261    1.3693  1.0000E-10     27.4622  2.0000E+08
 2638.5623   13.0000    9.8891    1.3693   -8.4412   -4.8539    4.0799    1.3693  1.0000E-10     27.4622  2.0000E+08
 3138.5623   13.0000    9.8891    1.3693   -8.5933   -4.8539    4.0419    1.3693  1.0000E-10     27.4622  2.0000E+08
 3638.5623   13.0000    9.8891    1.3693   -8.7228   -4.8539    4.0095    1.3693  1.0000E-10     27.4622  2.0000E+08
 4138.5620   13.0000    9.8891    1.3693   -8.8354   -4.8539    3.9813    1.3693  1.0000E-10     27.4622  2.0000E+08
 4638.5620   13.0000    9.8891    1.3693   -8.9351   -4.8539    3.9564    1.3693  1.0000E-10     27.4622  2.0000E+08
 5138.5620   13.0000    9.8891    1.3693   -9.0245   -4.8539    3.9341    1.3693  1.0000E-10     27.4622  2.0000E+08
 5638.5620   13.0000    9.8891    1.3693   -9.1056   -4.8539    3.9138    1.3693  1.0000E-10     27.4622  2.0000E+08
 6138.5620   13.0000    9.8891    1.3693   -9.1798   -4.8539    3.8953    1.3693  1.0000E-10     27.4622  2.0000E+08
 6638.5620   13.0000    9.8891    1.3693   -9.2481   -4.8539    3.8782    1.3693  1.0000E-10     27.4622  2.0000E+08
 7138.5620   13.0000    9.8891    1.3693   -9.3114   -4.8539    3.8624    1.3693  1.0000E-10     27.4622  2.0000E+08
 7638.5620   13.0000    9.8891    1.3693   -9.3704   -4.8539    3.8476    1.3693  1.0000E-10     27.4622  2.0000E+08
 8138.5620   13.0000    9.8891    1.3693   -9.4257   -4.8539    3.8338    1.3693  1.0000E-10     27.4622  2.0000E+08
 8638.5625   13.0000    9.8891    1.3693   -9.4776   -4.8539    3.8208    1.3693  1.0000E-10     27.4622  2.0000E+08
 9138.5625   13.0000    9.8891    1.3693   -9.5267   -4.8539    3.8085    1.3693  1.0000E-10     27.4622  2.0000E+08
 9638.5625   13.0000    9.8891    1.3693   -9.5731   -4.8539    3.7969    1.3693  1.0000E-10     27.4622  2.0000E+08
10138.5625   13.0000    9.8891    1.3693   -9.6171   -4.8539    3.7859    1.3693  1.0000E-10     27.4622  2.0000E+08
10638.5625   13.0000    9.8891    1.3693   -9.6590   -4.8539    3.7754    1.3693  1.0000E-10     27.4622  2.0000E+08
11138.5625   13.0000    9.8891    1.3693   -9.6990   -4.8539    3.7654    1.3693  1.0000E-10     27.4622  2.0000E+08
11638.5625   13.0000    9.8891    1.3693   -9.7373   -4.8539    3.7559    1.3693  1.0000E-10     27.4622  2.0000E+08
12000.0000   13.0000    9.8891    1.3693   -9.7639   -4.8539    3.7492    1.3693  1.0000E-10     27.4622  2.0000E+08
   -1.0000   13.0000    9.8891    1.3693   -9.7639   -4.8539    3.7492    1.3693  1.0000E-10     27.4622  2.0000E+08
